 -0.00092440494267467  0.00969559960011285  0.01943986826740800  0.02998082694403893
  0.04048612089397120  0.05101634421107389  0.06151101131517922  0.07162703015792136
  0.08128449496506462  0.09152060202912353  0.10196286147139412  0.11182222410256254
  0.12081331937787516  0.13022208798086710  0.13997959580539640  0.14996854562911599
  0.15981166487247964  0.16896675816013723  0.17747858131885502  0.18558407299875099
  0.19375767256879850  0.20216136283628242  0.21096086461045022  0.22050961868956223
  0.22969151242058058  0.23838324179973316  0.24665638176311483  0.25452099634095482
  0.26220976173339300  0.26979218412394035  0.27750044919685751  0.28557627700059435
  0.29383460473770401  0.30209715768967188  0.31048986830226499  0.31913087747472746
  0.32817593326278643  0.33677490178040348  0.34514726801267059  0.35351890285957210
  0.36183168132725246  0.37009665975368061  0.37840854045525163  0.38658218088808521
  0.39440792941603292  0.40215528510287057  0.41040106035170631  0.41902585237541806
  0.42770446756729774  0.43627359540090871  0.44467611337169188  0.45294120613369770
  0.46137289172725143  0.46978410218795619  0.47828326929035148  0.48673073810381040
  0.49532980016717498  0.50412494578159295  0.51298964768992350  0.52182228341349179
  0.53068670734830314  0.53954095772012400  0.54841559390944050  0.55740309049087344
  0.56639652554213693  0.57534620626412691  0.58445292330049947  0.59381650891381943
  0.60299258229114416  0.61196376087672066  0.62084780653528937  0.62993050413450358
  0.63948882645805716  0.64968250338431355  0.66044857170499838  0.67087759504738997
  0.68116098003212755  0.69138811067674799  0.70153820724993476  0.71174556542209866
  0.72243682876860438  0.73344165177428999  0.74572509050726421  0.75826952012567173
  0.77099085228930619  0.78412126987525843  0.79809230535953646  0.81113122823237305
  0.82590145682397187  0.84229689757222903  0.85989036690104304  0.87874030270107051
  0.90130572900842676  0.92803682008671384  0.95997452234453728  1.00000000000000000
 -0.00263094066831414  0.01037006249616147  0.02144589307787923  0.03204989257249851
  0.04228426255286703  0.05133043584276782  0.06058869468066068  0.07071749750267370
  0.08073433178752870  0.09078341747635046  0.10045852777033827  0.11147066733296762
  0.12317932968761688  0.13448429090448094  0.14591830806687814  0.15690188789257264
  0.16769724437921557  0.17733644030489412  0.18690952947218553  0.19704579299236480
  0.20766091168852871  0.21816743726254909  0.22857644033532451  0.23886240743133758
  0.24912656358743401  0.25975150605720582  0.27074981060051073  0.28269829439598659
  0.29444185339568280  0.30746947621558074  0.31956480307206053  0.33100940426017261
  0.34119124641120729  0.35128235722756079  0.36202280211090376  0.37324621367733579
  0.38405516103708864  0.39516437181442399  0.40714582254295129  0.41961211102760915
  0.43187833313045576  0.44261698407674083  0.45273708627453807  0.46252871011604413
  0.47213374810159647  0.48142491159731032  0.49082604817424413  0.50024904495258327
  0.51000465804832840  0.51981631590272415  0.53011996437217523  0.54075941662648741
  0.55164128793595157  0.56190865822086877  0.57167090106695062  0.58161903583296837
  0.59152114281292489  0.60110591737119690  0.61077999595764032  0.62053198385203323
  0.63103102410390011  0.64194270086627447  0.65309531572552892  0.66394032889302379
  0.67398854181190171  0.68350332709153905  0.69354807385651729  0.70379652096741874
  0.71449522398747167  0.72553888233373409  0.73723183204408149  0.74914111740921419
  0.75978904390858648  0.77078870533526622  0.78202034169716284  0.79322861235730846
  0.80403938069710945  0.81498335416245338  0.82620822156022711  0.83658203915601426
  0.84633100624844271  0.85641941669385879  0.86697507372071636  0.87750003506070895
  0.88737447896838095  0.89717519513234223  0.90745946996090121  0.91766247149985491
  0.92724165829469729  0.93667702386969709  0.94638446073212723  0.95642491931364637
  0.96760713298037371  0.97827902746107842  0.98921734405140216  1.00000000000000000
 -0.00551563296935761  0.05745240160170606  0.08779385428251542  0.11009526457544926
  0.13007526814516571  0.14733294623702770  0.16235503267333318  0.17621428949755732
  0.18932551883593587  0.20162552687342958  0.21399622407211960  0.22701659457096826
  0.23951241974829954  0.25109393188046647  0.26171081675533908  0.27255620687973392
  0.28393373857738241  0.29437557952454718  0.30382250983682435  0.31272881915433892
  0.32116456514067393  0.32957087593136580  0.33779955578967391  0.34581432226777692
  0.35379577590432060  0.36198105673185338  0.37022206006258424  0.37818059665113241
  0.38576833801606591  0.39325244219717276  0.40053308816975902  0.40772759145263698
  0.41484868466773539  0.42184388061854017  0.42867326745967055  0.43551816853529945
  0.44266046168821571  0.45002839288985980  0.45742159322040082  0.46494032490703396
  0.47288823310041167  0.48057430568530918  0.48754379606079357  0.49442330536300688
  0.50115018262169508  0.50782150563048201  0.51447919464795588  0.52123989224406764
  0.52807241725150689  0.53476368152276110  0.54141269843558115  0.54839505985419079
  0.55547202341174540  0.56249148381874525  0.57023178683482478  0.57823690137953965
  0.58652107860252733  0.59493850580047580  0.60303998154368221  0.61046383427896056
  0.61752276341509504  0.62466483771966363  0.63185695546987142  0.63906252503251415
  0.64597527554262824  0.65232566328721686  0.65881554733045633  0.66539835449208318
  0.67229070771692734  0.67904242903225798  0.68580291642909308  0.69256869213188821
  0.69955646798030791  0.70665713610182423  0.71414241032317927  0.72200008871212928
  0.72990179264972133  0.73829796032720896  0.74655749338672173  0.75504552825024274
  0.76365377985502481  0.77217525525837938  0.78037037776042584  0.78872074240315071
  0.79765617192554672  0.80721353156415521  0.81737576328894734  0.82788716169943177
  0.83937701368552342  0.85157402379890512  0.86427715123185056  0.87830900954366031
  0.89472775622744349  0.91512159324557107  0.94361951439222014  1.00000000000000000
 -0.02128614085955729  0.15229695779039659  0.20642204930657423  0.23876573127356412
  0.26174385861837329  0.28107969006504291  0.29839830748169960  0.31434246521287379
  0.32950544783576302  0.34286488647040736  0.35514891960626910  0.36674817353773642
  0.37800700204214582  0.38912790307984968  0.40007932884142061  0.41068723996930123
  0.42081728795561896  0.43051745548158260  0.43957616550909401  0.44784495646865141
  0.45576144501434707  0.46345176629244911  0.47078513115460707  0.47782364823814250
  0.48477190016916782  0.49171477353498255  0.49871467544284093  0.50585710580839038
  0.51293762474137694  0.51978309618557106  0.52653036476299186  0.53319283306730592
  0.53983476965108990  0.54616065745721676  0.55227252788090286  0.55818334800891201
  0.56396672463572550  0.56961376612001413  0.57515484589370447  0.58065816555201999
  0.58613868511750267  0.59158061040281662  0.59700880383514843  0.60223557339725553
  0.60726484835752992  0.61259992761441473  0.61782156728709969  0.62315449049883076
  0.62856901786846553  0.63382609745922236  0.63897045675620423  0.64410551833018936
  0.64899281000387299  0.65353307433468277  0.65844279877942835  0.66338575824648971
  0.66829381519328590  0.67305635038415224  0.67769650306645668  0.68227265321697228
  0.68687911560994075  0.69156542370495777  0.69630567607922167  0.70107192013064934
  0.70584765984639342  0.71061217015815770  0.71518031220451028  0.71970832980926081
  0.72431005667671733  0.72903863746006647  0.73356678978995538  0.73808804808892015
  0.74257070480061982  0.74717122549580006  0.75192510715807570  0.75679443100285115
  0.76167850147549543  0.76648660752885756  0.77137824939351329  0.77661261845987362
  0.78221732750796524  0.78827942598489020  0.79540089970446282  0.80325942764699509
  0.81129172078630629  0.81914983465291780  0.82725639954079322  0.83598880388171359
  0.84548064489847452  0.85536403811832451  0.86548813357288756  0.87684124494522531
  0.89044844597601891  0.90755537547257314  0.93393198411893086  1.00000000000000000
   4.9186236632097096E-009  -1.0000000000000000     
 F F F F F F F F
  <DiscreteSampler_grid>
  grouped_processes
  1 # 1 for a reference and 2 for a running grid.
  10 # Attribute 'min_bin_probing_points' of the grid.
  1 # Attribute 'grid_mode' of the grid. 1=='default',2=='initialization'
  0.0000000000000000 # Attribute 'small_contrib_threshold' of the grid.
  0.5000000000000000 # Attribute 'damping_power' of the grid.
 # binID   n_entries weight   weight_sqr   abs_weight
    13   10   3.655991628541599E+004   3.296788237906357E+009   3.655991628541599E+004
    14   10   3.655991628541599E+004   3.296788237906357E+009   3.655991628541599E+004
    16   10   1.078398098193202E+004   2.861309726068296E+008   1.078398098193202E+004
    17   10   1.078398098193202E+004   2.861309726068296E+008   1.078398098193202E+004
  </DiscreteSampler_grid>
