 -0.00091164034849646  0.00966858737984396  0.01968407693964668  0.03029572874640200
  0.04132261531516911  0.05223828618738328  0.06344462385342549  0.07435278914569497
  0.08446077054087345  0.09557741443259482  0.10659674894189942  0.11668173794554899
  0.12650662273734067  0.13578597457618419  0.14532469635364584  0.15447746650156768
  0.16356033451832469  0.17238886508135087  0.18102200463251000  0.18969810378540206
  0.19855532629565223  0.20731254140918023  0.21611773084204483  0.22492496335288636
  0.23365046306043705  0.24217786664054702  0.25111517926216886  0.25986016256590949
  0.26868361934854901  0.27710212014581037  0.28504302354011624  0.29289679640893207
  0.30087133374731378  0.30866204374493561  0.31669076675333196  0.32459342832514698
  0.33252466377627043  0.34104268668304077  0.34971270003477373  0.35834648742867703
  0.36718306921103094  0.37598690039004873  0.38475809817039558  0.39362581467210261
  0.40215172277903533  0.41062714470467265  0.41913247743737253  0.42769453354633014
  0.43633809312814537  0.44499981078464723  0.45348259898272208  0.46179860423728042
  0.46971339997838119  0.47780682500656113  0.48609164470593863  0.49447017616188754
  0.50291456294234738  0.51139824477368856  0.51989919750534364  0.52873163471538465
  0.53778515057213627  0.54681516890246451  0.55587173155989056  0.56504359716338703
  0.57440036500046154  0.58394423591392430  0.59329887645166957  0.60271956211970890
  0.61214847075480039  0.62173338632306441  0.63154955179872663  0.64157506655676289
  0.65158079773251121  0.66141489907861561  0.67103600310337763  0.68068686992905403
  0.69053572568035215  0.70059764052263873  0.71071739390957278  0.72111786932032029
  0.73177827197465217  0.74273897079984486  0.75394351880389976  0.76553717764298101
  0.77798776324871521  0.79179511545213077  0.80544272408041473  0.81941601208217996
  0.83391471454555199  0.84901821639842923  0.86527532110744454  0.88364606339115825
  0.90419991332443894  0.92860324229965452  0.96049682629044608  1.00000000000000000
 -0.00319438411685318  0.01146715887363103  0.02257870117118371  0.03306695797082030
  0.04339303402523696  0.05354522502608323  0.06343171948653512  0.07280807498542646
  0.08226193985271633  0.09263548987728111  0.10339659587526707  0.11440437561134674
  0.12549169285084436  0.13699341766880802  0.14838936468949832  0.15956102417148429
  0.17091229816561010  0.18185653654518119  0.19241728887119439  0.20311146610270597
  0.21420847225903453  0.22555442368575210  0.23675206783643407  0.24786195940131492
  0.25909016930731449  0.27012361166955479  0.28079330760091514  0.29132883341917443
  0.30210312267644246  0.31252310504059744  0.32176440219354935  0.33095266423185415
  0.34015604257957033  0.34982730472118712  0.35915532568981889  0.36845006023389576
  0.37756295393345646  0.38915114636123477  0.39955331702948871  0.40958850936065549
  0.41952238597590802  0.43012643761146130  0.44048251840633112  0.45080756486171908
  0.46094986017531137  0.47124076098808626  0.48128123343619522  0.49066221892848777
  0.49994152295502287  0.50967418563398004  0.51968587402610433  0.53021617275563004
  0.54081122514841085  0.55204476183363937  0.56331118261194213  0.57325019502735552
  0.58361380703776244  0.59592353039440993  0.60776745139342592  0.61901969426751280
  0.63012978931803132  0.64219724631699804  0.65379184923402278  0.66547124414695513
  0.67603988613254473  0.68716239067396889  0.69806784583782522  0.70895247100910974
  0.71959419781701794  0.73011054325983715  0.74051215359120726  0.75069924414955591
  0.76101635001914969  0.77139674038871764  0.78174277810474713  0.79225448329962012
  0.80302981094661952  0.81395035583107933  0.82474302688626200  0.83601538976628653
  0.84766933510868492  0.85834384314518952  0.86880611174932454  0.87892094516796460
  0.88918944807957789  0.89970357536487966  0.91007860196937429  0.92002327637243364
  0.92973292550220055  0.93922077206543741  0.94929654011812714  0.95946484472421589
  0.97032843090327248  0.98069404766623092  0.99052345105924700  1.00000000000000000
 -0.00436435712457861  0.05045450246719094  0.08107880198151415  0.10226541534468195
  0.12017601000791890  0.13511481305255629  0.14861168189737728  0.16102346575697352
  0.17294035578138670  0.18462760911881096  0.19618313320495256  0.20728729428714965
  0.21725063034830855  0.22695670839789428  0.23668547181820648  0.24615058279398064
  0.25503359431288142  0.26334386860354458  0.27147511062541912  0.27973465004306841
  0.28789678570186977  0.29576214173318832  0.30348547561231248  0.31121565663805634
  0.31923166974933909  0.32798835608208915  0.33579599069115645  0.34280140537857007
  0.34995987253370359  0.35685870462336294  0.36355355148396845  0.37019824579134863
  0.37677944417196529  0.38325938165134915  0.38973985872884287  0.39624946889463902
  0.40276761295370822  0.40921001252005623  0.41561229825659346  0.42225128409652746
  0.42896650789190022  0.43559284134914922  0.44215913891200986  0.44875483219001511
  0.45548744478626063  0.46259604738743376  0.47004975372624214  0.47728977187625399
  0.48411981875031762  0.49067193807138176  0.49706471872071212  0.50322665730600724
  0.50914516517640684  0.51504266236633478  0.52115313985057155  0.52745599121836373
  0.53378917455535502  0.54011485328326714  0.54639622966905554  0.55278682686140768
  0.55908814154687780  0.56559878827935073  0.57229441676016457  0.57897437926205553
  0.58579412484711701  0.59298230065518831  0.59988345764219175  0.60701261081580316
  0.61459771000023411  0.62232119505487349  0.63067378219360171  0.63927422437027315
  0.64790667141683267  0.65667054942566472  0.66550846711172507  0.67406833357905271
  0.68250987091658166  0.69091035666955247  0.69928913159047490  0.70783164299430978
  0.71647836507743545  0.72531528838624582  0.73444230757808238  0.74363803664720129
  0.75302802585941919  0.76316050953271553  0.77389739245317080  0.78510709378749588
  0.79757426824186883  0.81083342081848431  0.82515582178918978  0.84152130974868644
  0.86050943129379620  0.88266140178438557  0.91594419490370793  1.00000000000000000
 -0.02430463203433860  0.13595349062880099  0.17393040009642363  0.19712731667713887
  0.21511789966324552  0.23014578862446622  0.24286722689604884  0.25433921753677580
  0.26463045533017204  0.27482208519769108  0.28439730326333817  0.29331578590161034
  0.30131243903648636  0.30877171739678061  0.31595100355818956  0.32276329121403458
  0.32951454345843473  0.33615586956993282  0.34278886032304406  0.34931486069645662
  0.35557518687271400  0.36148611668542108  0.36728747117239124  0.37299928631372731
  0.37853682166655439  0.38392879138429820  0.38932028304456728  0.39456841548307686
  0.39956725810485322  0.40440811630871515  0.40916929740355229  0.41386873481850350
  0.41862686373671376  0.42348450512745384  0.42836283163957972  0.43320113683572897
  0.43795036657618541  0.44273861515009877  0.44764314924172649  0.45253516342586758
  0.45746715742459099  0.46260440723182805  0.46796998088830294  0.47296488921372359
  0.47820744061836956  0.48315371437689331  0.48816396899513520  0.49325379916954148
  0.49830415971418118  0.50337504077011530  0.50851061090997840  0.51354015873027470
  0.51844037600803561  0.52361226966080598  0.52887351487818302  0.53424258092737542
  0.53975111959556155  0.54501752130137127  0.54999618583013721  0.55501336141111446
  0.56005696079349032  0.56509949381044500  0.57011299293278761  0.57513921665950940
  0.58041390979334684  0.58554918812134016  0.59075839875787695  0.59598908941517226
  0.60108989453113204  0.60659320878956036  0.61235454809699030  0.61810519365901384
  0.62398192409825748  0.63001968124563834  0.63606373007062611  0.64212517439954486
  0.64835585641027815  0.65483280993137316  0.66157791029137669  0.66858649927699298
  0.67598391901005339  0.68389957532438550  0.69173202517002019  0.69966377346221809
  0.70754312575426226  0.71617746308365093  0.72537803793378974  0.73473377693224584
  0.74473791499302533  0.75603046633660087  0.76938284514197908  0.78491308101429458
  0.80296455316979343  0.82509996918402229  0.86182578193231374  1.00000000000000000
   1.3189904429350759E-011  -1.0000000000000000     
 F F F F F F F F
  <DiscreteSampler_grid>
  grouped_processes
  1 # 1 for a reference and 2 for a running grid.
  10 # Attribute 'min_bin_probing_points' of the grid.
  1 # Attribute 'grid_mode' of the grid. 1=='default',2=='initialization'
  0.0000000000000000 # Attribute 'small_contrib_threshold' of the grid.
  0.5000000000000000 # Attribute 'damping_power' of the grid.
 # binID   n_entries weight   weight_sqr   abs_weight
    10   10   1.747343351204534E+003   6.048839598444646E+006   1.747343351204534E+003
    11   10   1.747343351204534E+003   6.048839598444646E+006   1.747343351204534E+003
  </DiscreteSampler_grid>
