 -0.00090491809201050  0.00990190128107269  0.01981641550297210  0.03026465676956135
  0.04089650467483161  0.05201586018810495  0.06282378450508599  0.07400291318958080
  0.08436480101506511  0.09506026908103141  0.10590817617291191  0.11674907668870191
  0.12733379884016782  0.13713716527713621  0.14679110640834989  0.15603105011249049
  0.16495544247790370  0.17385767582019929  0.18297137652222140  0.19199955607012087
  0.20086476811739409  0.20973037108538967  0.21814325529906881  0.22644828134988684
  0.23470481750464428  0.24307422122321357  0.25133252269289846  0.25972914394426583
  0.26805672435473443  0.27692294806321871  0.28592780654528405  0.29457661202261043
  0.30296376560208910  0.31109436328690093  0.31910314106827981  0.32712015435014086
  0.33511808222428785  0.34316041168258660  0.35116624262031354  0.35912713380511374
  0.36738470489819275  0.37569269852549719  0.38441730419437303  0.39407669935923972
  0.40370185241437689  0.41310285679009706  0.42225909870735240  0.43120879463437517
  0.43995054815171986  0.44848411024753654  0.45715039183266620  0.46588686825882619
  0.47462906090899842  0.48317837507839162  0.49165855224438781  0.50026960655146124
  0.50908347365801165  0.51792513433695175  0.52662017620996715  0.53521575800545929
  0.54372345264774202  0.55223535754907493  0.56080330587107297  0.56944861977059957
  0.57826006754253378  0.58710098170966529  0.59604936747147830  0.60507409673872325
  0.61421466459607799  0.62345300604368159  0.63266716624333896  0.64162662742152621
  0.65048877121177273  0.65907335665415179  0.66776414557727692  0.67652823420417640
  0.68561047034500133  0.69516621273885681  0.70499265450454518  0.71484046113995636
  0.72478899825629084  0.73566490351810265  0.74672956619681496  0.75780165281747702
  0.76892900897031757  0.78166629879214200  0.79630738086017527  0.81056873012037534
  0.82531678331385516  0.84225043402975164  0.86065655288836107  0.88053029000729977
  0.90253574021879235  0.92831003889327668  0.96053665241629438  1.00000000000000000
 -0.00158897058430576  0.01132110077681520  0.02303440375987952  0.03424591212997535
  0.04546705787094606  0.05645228000637881  0.06689843586495799  0.07681885140055963
  0.08684685047972616  0.09746276446066085  0.10767084640786218  0.11788317394308011
  0.12798240675340808  0.13800530527374413  0.14826028964840487  0.15818444067506326
  0.16808943741636370  0.17814388588840807  0.18841273985867513  0.19855345500527025
  0.20890757610500194  0.21952654903995697  0.23040868176599766  0.24115375204994599
  0.25193015082244297  0.26266892296674860  0.27330214001606434  0.28401682079925239
  0.29512110589542312  0.30632509851198786  0.31732543597045348  0.32810644441880615
  0.33865301888782945  0.34920127964665115  0.36022607365145998  0.37162256344978029
  0.38239875791563954  0.39259440682902119  0.40229396740022683  0.41209551443454601
  0.42190223740783478  0.43176192897761095  0.44131000026710770  0.45107761400295326
  0.46081489805042847  0.47136702951588000  0.48224650634314220  0.49350824345194638
  0.50482789859244181  0.51580107136304265  0.52620316346675855  0.53576561451895111
  0.54527692633694502  0.55487425897473064  0.56462678708782932  0.57494639527532199
  0.58592113667240098  0.59752294805465811  0.60892092853489033  0.61945554885604059
  0.62978865350652824  0.63970829285986930  0.64963893379027604  0.65915393887192264
  0.66922451262355787  0.67999468317702583  0.69103530430216942  0.70202414001632685
  0.71287442174056403  0.72392848559276701  0.73398515134255538  0.74339812917621739
  0.75313666161467796  0.76346098460746170  0.77411932242473336  0.78478291455815430
  0.79522430878137318  0.80550889466300135  0.81590001861970973  0.82672536696485810
  0.83768063593632947  0.84848077390266763  0.85959035956559016  0.87151320117555720
  0.88315496223957224  0.89494249652064850  0.90678099026230230  0.91844757480264960
  0.92904298407940455  0.93944868409049997  0.94942748745152972  0.95942088270618131
  0.96936600033670128  0.97922721370344556  0.98977793008433912  1.00000000000000000
 -0.00546036596884571  0.05839160335077061  0.08981365751297297  0.11321816245829835
  0.13333718664635383  0.15031481707486372  0.16609571697846495  0.18011436358065910
  0.19361371680911804  0.20690468461146805  0.21904618870267420  0.23056320662657487
  0.24193662356866463  0.25302793146960323  0.26347803236448458  0.27376560837127911
  0.28398718242436322  0.29361580386243868  0.30301558332228584  0.31239821613907259
  0.32188407976145589  0.33104729019853080  0.33992757832704201  0.34871139856411359
  0.35763125613719282  0.36637642551821925  0.37465656474198838  0.38269868025257509
  0.39060740678198758  0.39819090401174367  0.40538430451908930  0.41241416651306467
  0.41960641325968118  0.42685819776304557  0.43382889568216015  0.44049380406378158
  0.44691825597046098  0.45344878271850675  0.46053844225696688  0.46814055399065818
  0.47582060571481882  0.48312863731909911  0.49028547943798856  0.49731134477059935
  0.50421015284062021  0.51111866130193628  0.51812491449511400  0.52491344187658340
  0.53126510127297433  0.53752842005243884  0.54395373006868442  0.55059688511760196
  0.55723266081598910  0.56363434889291630  0.57040528612589714  0.57693920990208059
  0.58412127425831040  0.59178025885060148  0.59962690669391328  0.60758200733672241
  0.61554465674460623  0.62336813236567234  0.63079902181503056  0.63761226839429941
  0.64450582282222035  0.65147038054253736  0.65850859986092658  0.66570983076665535
  0.67253554402984406  0.67964702432209734  0.68687782417724763  0.69430547483952787
  0.70156629134563264  0.70868214456744760  0.71573484208698757  0.72290295433376262
  0.73051751777582352  0.73842773434526865  0.74644696376004382  0.75443246851367096
  0.76239223404741430  0.77070319646817398  0.77975090677722070  0.78924029717350919
  0.79890113865431300  0.80885605957510098  0.81927572259945802  0.83013229990675652
  0.84100087536355550  0.85216492746317141  0.86405173959276005  0.87701667221156254
  0.89302811962425577  0.91286193857871045  0.94071626326690150  1.00000000000000000
 -0.02256518950213405  0.15133017376274224  0.20472563382761907  0.24029241409041893
  0.26633995164811425  0.28653987606505965  0.30478371937332943  0.32154995529866282
  0.33692686946249539  0.35172590857631553  0.36457327093063208  0.37659473094135582
  0.38724995503006943  0.39779941797913437  0.40745528427632799  0.41675723471721809
  0.42601078744034532  0.43503613525246487  0.44375261871475402  0.45233266292775520
  0.46057086512684686  0.46846963984513873  0.47596722991694940  0.48310182152313658
  0.48992482647113489  0.49709606558505576  0.50407684973282152  0.51070635142541276
  0.51708390287530137  0.52324607507716403  0.52923345818461820  0.53508475084547180
  0.54098547265789410  0.54701656540477550  0.55313180619678803  0.55931526001695298
  0.56548193727170715  0.57156497872735745  0.57763289015346964  0.58354444674187733
  0.58916663750491416  0.59460844094044185  0.59999702794823118  0.60519868742332716
  0.61006213802480691  0.61474711928563497  0.61946062374591915  0.62423871508719331
  0.62917219965086557  0.63426604697854172  0.63939902167636731  0.64466583984640602
  0.64929528487840116  0.65374583479363380  0.65818545070390611  0.66272070449423315
  0.66728208026660019  0.67188205358403852  0.67648909187727102  0.68109657543550350
  0.68577294773646424  0.69018529435204834  0.69440120900647351  0.69869262956548173
  0.70302932410000174  0.70758930791406982  0.71237330409328981  0.71723929572656575
  0.72213662698808323  0.72706568243051595  0.73217434332161424  0.73721634170355366
  0.74198986315944748  0.74673425673576155  0.75173646649619474  0.75705993796436644
  0.76265223860612330  0.76836377082745588  0.77424970413461547  0.78023956072084866
  0.78633131797207600  0.79269811423611425  0.79928778120605826  0.80617586154678444
  0.81303741386672013  0.82008101763241947  0.82757903705381974  0.83585201710159618
  0.84488660050287856  0.85452107535421484  0.86470140514895422  0.87590762187709414
  0.88854104777981135  0.90453751705589003  0.93088863543438194  1.00000000000000000
   4.9473188357269136E-009  -1.0000000000000000     
 F F F F F F F F
  <DiscreteSampler_grid>
  grouped_processes
  1 # 1 for a reference and 2 for a running grid.
  10 # Attribute 'min_bin_probing_points' of the grid.
  1 # Attribute 'grid_mode' of the grid. 1=='default',2=='initialization'
  0.0000000000000000 # Attribute 'small_contrib_threshold' of the grid.
  0.5000000000000000 # Attribute 'damping_power' of the grid.
 # binID   n_entries weight   weight_sqr   abs_weight
    13   10   5.386560485480406E+003   6.493555602575574E+007   5.386560485480406E+003
    14   10   5.386560485480406E+003   6.493555602575574E+007   5.386560485480406E+003
    16   10   1.594689151451486E+003   5.668625016414012E+006   1.594689151451486E+003
    17   10   1.594689151451486E+003   5.668625016414012E+006   1.594689151451486E+003
  </DiscreteSampler_grid>
