 -0.00081586213324972  0.00968252752797274  0.01984696795783767  0.03048747051632554
  0.04069986255896449  0.05156475649427909  0.06265579084279596  0.07379727483193842
  0.08413771869775517  0.09435545562217233  0.10465222851010915  0.11478257861898572
  0.12490293580271181  0.13491938880536022  0.14498690002103665  0.15486321780606283
  0.16480502290965338  0.17438016056589400  0.18377055154478766  0.19299844003609118
  0.20205656744295450  0.21110634950843402  0.22007269174911284  0.22914465280426738
  0.23833668072938050  0.24734864781374263  0.25620451270849398  0.26491588317385595
  0.27341895072264416  0.28173943680329777  0.28988672316325542  0.29805003505714950
  0.30613313561019229  0.31436049736128135  0.32273789845525147  0.33134347111474322
  0.34023629882418616  0.34908786724657881  0.35725116535315921  0.36509967570754953
  0.37281750990643997  0.38044928622782492  0.38827998788470752  0.39630204218681547
  0.40417527307630002  0.41200835989815032  0.41975058199666665  0.42731025731081557
  0.43532773231995353  0.44338519343743138  0.45148301827889059  0.45964496053608744
  0.46777507329340784  0.47573890584917061  0.48355406803589207  0.49142221001470915
  0.49937944901648929  0.50768540136890339  0.51598577681868563  0.52443283403507568
  0.53299775489784795  0.54153266114478016  0.54994861893213765  0.55851223753842782
  0.56726038547215363  0.57650597668809223  0.58599176001624576  0.59558716042343307
  0.60537736805114550  0.61544433276720023  0.62553655412733233  0.63584430044931939
  0.64651668848248955  0.65722036672289108  0.66788540866219293  0.67858976842355601
  0.68939485027947545  0.70046634009501196  0.71172930684801139  0.72311543191844208
  0.73444204227862286  0.74555970861035548  0.75673396853785202  0.76816203162092223
  0.78001132475054158  0.79244643325418151  0.80510063536866328  0.81798767692550389
  0.83192706376794268  0.84720235798038690  0.86280150595855709  0.88094441939586610
  0.90198523646411233  0.92625442810489744  0.95926607523576002  1.00000000000000000
 -0.00246191316170300  0.00918806752027635  0.01910742359470939  0.02974696384074170
  0.04068088941887474  0.05150435228214562  0.06259377827764093  0.07386688612863782
  0.08468969083595684  0.09518600903015559  0.10562493967628139  0.11619129554223655
  0.12700933738774689  0.13817290661609638  0.15006018790685455  0.16237165431702053
  0.17393785841455500  0.18444543813676373  0.19440914980047302  0.20413022684371362
  0.21389934556903908  0.22374629112426486  0.23418912057193131  0.24498511478431756
  0.25596401843527328  0.26738904401993141  0.27880231610783962  0.28984860449589128
  0.30049249377231269  0.31102453516577028  0.32138377855576389  0.33171833392554551
  0.34198069445610269  0.35186561764661761  0.36153214339361994  0.37137414406460034
  0.38142678726257101  0.39138485478433727  0.40114170633350138  0.41076166322014890
  0.42049865807585235  0.42986647815828838  0.43922965061069080  0.44884544847057817
  0.45861113894464756  0.46843489184107490  0.47761293290583395  0.48693908977359540
  0.49633046167383821  0.50601546761149496  0.51577803338720063  0.52551405531912943
  0.53501765465820061  0.54453664965789395  0.55473295996998817  0.56522266172452951
  0.57588035591210784  0.58679863514518027  0.59821838138575401  0.60933556604225003
  0.62014462985633012  0.63076309630251193  0.64102324609126127  0.65083019750053595
  0.66046766847671923  0.67059677217983438  0.68094325506539832  0.69130407716323605
  0.70173403443685256  0.71249560403531997  0.72368656072294224  0.73514619347529919
  0.74663332209634359  0.75827176893327297  0.76993803686598206  0.78103026184806312
  0.79174353016845811  0.80198810089878114  0.81219301444260872  0.82242789111083858
  0.83321226947044469  0.84542192430883401  0.85779936157768666  0.86895166353158615
  0.87953132993061656  0.88964990664329457  0.89959672190752560  0.90956214925639434
  0.91988067542889507  0.93040509106591229  0.94120263018730432  0.95209532339313208
  0.96326251737837509  0.97418423010018174  0.98564766614102151  1.00000000000000000
 -0.00350510712328843  0.04989071536232216  0.07803494479689181  0.09919053466412354
  0.11642683679538986  0.13216769250096780  0.14641460773147813  0.15986199073559995
  0.17235385450196045  0.18382176950297976  0.19390877383337468  0.20330224042233710
  0.21276317673642425  0.22247711573030229  0.23201935557912273  0.24086565880397551
  0.24943217897548056  0.25807585228753960  0.26660773507974378  0.27519712691228765
  0.28378059515926257  0.29203334021270672  0.30038059616521989  0.30900717853569049
  0.31737047482185415  0.32553821278482009  0.33293660782729423  0.33969312758054354
  0.34638625651706201  0.35313392377099206  0.35989868345131437  0.36658068709565300
  0.37288464928338572  0.37896282213061250  0.38496445219229886  0.39102516553412203
  0.39713180560659267  0.40322513820124417  0.40926641470894648  0.41523698005058640
  0.42150864895861467  0.42784320081468896  0.43405783958854088  0.44064266616835901
  0.44761451796590596  0.45456981708424044  0.46173132538178113  0.46928245798971874
  0.47681925689008725  0.48370519346155205  0.49055185612596169  0.49776213316569345
  0.50494688634923024  0.51205344716357493  0.51896900415242930  0.52552707213246452
  0.53189589785950397  0.53826884020728327  0.54467690569626326  0.55124527527346068
  0.55777761715507301  0.56427063712031134  0.57057113256438785  0.57679397355546325
  0.58321530415643830  0.59003964680236876  0.59692114349773195  0.60354612746500791
  0.61062994109424917  0.61757689963302775  0.62541952147317270  0.63387976998224260
  0.64254075985086045  0.65108751653488695  0.65930407867748619  0.66738340974682164
  0.67554756521637982  0.68383071062977363  0.69227082589022038  0.70062793091810371
  0.70937444941771577  0.71849284298231342  0.72757345404511409  0.73688562549580827
  0.74661894118347161  0.75747097388697382  0.76929151453001143  0.78179565318982625
  0.79488353396632028  0.80883341571170075  0.82342644859248393  0.83970555569962557
  0.85850679915040018  0.88103954174165799  0.91738834447659479  1.00000000000000000
 -0.02268867219930972  0.13569180426060240  0.17646124803410801  0.19938173009618421
  0.21753121061071415  0.23298818293467602  0.24634883569872290  0.25818530522921529
  0.26894916395241730  0.27902324176718563  0.28871791365285671  0.29809319351791824
  0.30708821006168174  0.31533993382408010  0.32321373536722164  0.33109656868163312
  0.33885744109197641  0.34640592821310412  0.35369673553467329  0.36045361070966569
  0.36657132037956491  0.37282737048284159  0.37898871084487973  0.38523346705073330
  0.39141890205526791  0.39717585078992168  0.40239656908207044  0.40741768991801630
  0.41251159796400283  0.41754060500542151  0.42233858164464422  0.42696277652575815
  0.43156792751178319  0.43621238332081036  0.44114880499817699  0.44626555751842290
  0.45133780303282078  0.45642631253340987  0.46112154984330567  0.46568190809924037
  0.47010516497967214  0.47451193606424841  0.47899213208028912  0.48348633343736930
  0.48804992012521481  0.49263225324902221  0.49732089691361386  0.50209830549917978
  0.50682600707758796  0.51142906106541441  0.51588717130118222  0.52027295350397684
  0.52472413075652913  0.52923777076819789  0.53379931199904918  0.53841488204420473
  0.54300634757726995  0.54755022640905893  0.55206062471644313  0.55657573338375710
  0.56111215308111206  0.56582768676909256  0.57060842346438678  0.57544990259600892
  0.58031873977715254  0.58525472486674757  0.59032161636607128  0.59547259144028775
  0.60070275294645370  0.60630267654534686  0.61219474709171251  0.61815750994972329
  0.62404383501165284  0.63002629665519461  0.63621817242342182  0.64249194119118169
  0.64892818606454261  0.65536100217840143  0.66182285352669101  0.66846911647229867
  0.67532083333354753  0.68248156115653236  0.68997777779667224  0.69797322231985814
  0.70626366682620378  0.71513469748293057  0.72449187459759701  0.73431917640800537
  0.74537221690263866  0.75713360992064538  0.76959400415812906  0.78403791237035880
  0.80153056616471086  0.82377459231398131  0.86355261124261140  1.00000000000000000
   1.3019335762531172E-011  -1.0000000000000000     
 F F F F F F F F
  <DiscreteSampler_grid>
  grouped_processes
  1 # 1 for a reference and 2 for a running grid.
  10 # Attribute 'min_bin_probing_points' of the grid.
  1 # Attribute 'grid_mode' of the grid. 1=='default',2=='initialization'
  0.0000000000000000 # Attribute 'small_contrib_threshold' of the grid.
  0.5000000000000000 # Attribute 'damping_power' of the grid.
 # binID   n_entries weight   weight_sqr   abs_weight
    10   10   5.398473104850569E+003   8.583783661994192E+007   5.398473104850569E+003
    11   10   5.398473104850569E+003   8.583783661994192E+007   5.398473104850569E+003
  </DiscreteSampler_grid>
